ch1  2A:A4:3C:BF:3D:AA
ch 6 2A:A4:3C:BF:3E:5F
ch11 0A:18:D6:2D:AC:BD

1,1
x

1,2
-61
-49
-36
-51
-48
-40
-51
-48
-40
-51
-48
-40
-51
-48
-40
-51
-47
-40
-51
-47
-40
-51
-47
-40
-51
-47
-40
-51
-47
-40

1,3
-64
-47
-41
-64
-47
-41
-64
-47
-41
-64
-47
-41
-53
-45
-35
-53
-45
-35
-53
-45
-35
-53
-45
-35
-53
-42
-44
-53
-42
-44

1,4
-46
-40
-41
-46
-40
-41
-46
-40
-41
-56
-38
-47
-56
-38
-47
-56
-38
-47
-56
-38
-47
-47
-38
-52
-47
-38
-52
-47
-38
-52

1,5
-44
-42
-56
-47
-43
-52
-47
-43
-52
-47
-43
-52
-47
-43
-52
-47
-43
-52
-47
-43
-52
-47
-43
-52
-47
-43
-52
-42
-43
-52

1,6
-43
-41
-54
-43
-41
-54
-43
-41
-54
-52
-40
-52
-52
-40
-52
-52
-40
-52
-47
-43
-51
-47
-43
-51
-47
-43
-51
-47
-43
-51

1,7
-51
-53
-44
-51
-53
-44
-54
-44
-57
-54
-44
-57
-54
-44
-57
-47
-45
-53
-47
-45
-53
-47
-45
-53
-47
-45
-53
-47
-45
-53

1,8
-54
-44
-50
-54
-44
-50
-54
-44
-50
-49
-43
-54
-49
-43
-54
-49
-43
-54
-49
-43
-54
-54
-42
-99
-54
-42
-99
-54
-42
-99

1,9
-54
-46
-46
-54
-46
-46
-55
-41
-48
-55
-41
-48
-55
-41
-48
-55
-41
-48
-55
-41
-48
-55
-41
-48
-55
-41
-48
-51
-49
-46

1,10
x

1,11
/////////////////////////////////////////////////
-48
-61
-62
-48
-61
-62
-48
-61
-62
-48
-61
-62
-48
-61
-62
-48
-61
-62
-48
-61
-62
-48
-61
-62
-48
-61
-62
-48
-61
-62

1,12
-43
-54
-58
-43
-54
-58
-43
-54
-58
-43
-54
-58
-43
-54
-58
-43
-54
-58
-43
-54
-58
-43
-54
-58
-40
-59
-55
-40
-59
-55

1,13
-43
-51
-49
-43
-51
-49
-43
-51
-49
-43
-56
-50
-43
-56
-50
-43
-56
-50
-43
-56
-50
-43
-56
-50
-43
-56
-50
-41
-49
-48

1,14
-46
-58
-50
-46
-58
-50
-47
-49
-55
-47
-49
-55
-47
-49
-55
-45
-52
-52
-45
-52
-52
-45
-52
-52
-45
-52
-52
-47
-51
-55

1,15
-44
-46
-62
-44
-46
-62
-44
-46
-62
-44
-46
-62
-49
-46
-54
-49
-46
-54
-49
-46
-54
-51
-51
-54
-51
-51
-54
-51
-51
-54

1,16
-44
-60
-61
-41
-51
-61
-41
-51
-61
-41
-51
-61
-41
-51
-61
-44
-51
-61
-44
-51
-61
-44
-51
-61
-44
-51
-61
-44
-51
-61

1,17


2,1
-53
-46
-35
-49
-48
-36
-49
-48
-36
-49
-48
-36
-49
-48
-36
-56
-50
-35
-56
-50
-35
-56
-50
-35
-54
-50
-35
-54
-50
-35

2,2
-46
-43
-35
-46
-43
-35
-46
-43
-35
-49
-51
-37
-49
-51
-37
-47
-42
-37
-47
-42
-37
-59
-45
-38
-59
-45
-38
-59
-45
-38

2,3
-55
-49
-43
-55
-49
-43
-47
-47
-41
-47
-47
-41
-47
-47
-41
-53
-50
-46
-53
-50
-46
-53
-50
-46
-53
-50
-46

2,4
-51
-40
-46
-47
-47
-52
-47
-47
-52
-47
-47
-52
-47
-47
-52
-47
-47
-52
-47
-47
-52
-47
-47
-52
-63
-46
-46
-63
-46
-46

2,5
-62
-43
-49
-62
-43
-49
-62
-43
-49
-62
-43
-49
-53
-48
-54
-53
-48
-54
-53
-48
-54
-53
-46
-50
-53
-46
-50
-53
-46
-50

2,6
-50
-44
-55
-50
-44
-55
-50
-44
-55
-50
-44
-55
-50
-44
-55
-50
-44
-55
-50
-44
-55
-47
-42
-40
-47
-42
-40
-47
-42
-40

2,7
-93
-47
-53
-47
-52
-46
-47
-52
-46
-47
-52
-46
-47
-56
-50
-47
-56
-50
-47
-56
-50
-47
-56
-50
-52
-43
-50
-52
-43
-50

2,8
-48
-47
-52
-48
-47
-52
-52
-37
-48
-52
-37
-48
-52
-37
-48
-56
-37
-49
-56
-37
-49
-56
-37
-49
-56
-37
-49
-44
-53
-43

2,9
-53
-55
-46
-53
-55
-46
-48
-95
-50
-48
-95
-50
-48
-95
-50
-48
-95
-50
-48
-95
-50
-48
-95
-50
-48
-95
-50
-48
-95
-50

2,10
x


2,11
-44
-48
-56
-44
-48
-56
-44
-48
-56
-44
-48
-56
-50
-57
-55
-50
-57
-55
-50
-57
-55
-43
-49
-54
-43
-49
-54
-43
-49
-54

2,12
-57
-48
-49
-57
-48
-49
-57
-48
-49
-57
-48
-49
-50
-50
-66
-50
-50
-66
-50
-50
-66
-46
-44
-50
-46
-44
-50
-46
-44
-50

2,13
-49
-50
-49
-49
-50
-49
-49
-50
-49
-53
-52
-60
-53
-52
-60
-53
-52
-60
-43
-52
-57
-43
-52
-57
-43
-52
-57
-43
-52
-57

2,14
-48
-48
-47
-48
-48
-47
-53
-46
-53
-53
-46
-53
-53
-46
-53
-53
-46
-53
-42
-46
-50
-42
-46
-50
-42
-46
-50
-50
-46
-61

2,15
-46
-52
-51
-42
-55
-46
-42
-55
-46
-42
-55
-46
-42
-55
-46
-42
-55
-46
-42
-55
-46
-50
-54
-54
-50
-54
-54
-50
-54
-54

2,16
-55
-52
-50
-43
-56
-62
-43
-56
-62
-43
-56
-62
-40
-52
-49
-40
-52
-49
-40
-52
-49
-40
-52
-49
-40
-52
-49
-40
-52
-49

2,17


3,1
-66
-51
-37
-66
-51
-37
-58
-43
-38
-58
-43
-38
-58
-43
-38
-58
-43
-38
-60
-53
-36
-60
-53
-36
-60
-53
-36
-59
-39
-28

3,2
-49
-37
-38
-49
-37
-38
-53
-50
-33
-53
-50
-33
-53
-50
-33
-53
-50
-33
-48
-45
-37
-48
-45
-37
-48
-45
-37

3,3
-52
-43
-41
-52
-43
-41
-43
-39
-39
-43
-39
-39
-43
-39
-39
-43
-39
-39
-56
-40
-33
-56
-40
-33
-56
-40
-33
-46
-41
-29


3,4
-51
-43
-45
-51
-43
-45
-51
-43
-45
-51
-43
-45
-51
-43
-45
-51
-43
-45
-53
-51
-45
-53
-51
-45
-53
-51
-45
-52
-54
-43


3,5
-54
-41
-48
-54
-41
-48
-54
-41
-48
-51
-44
-47
-51
-44
-47
-51
-44
-47
-51
-44
-47
-47
-37
-46
-47
-37
-46
-47
-37
-46


3,6
-48
-43
-57
-46
-50
-47
-46
-50
-47
-46
-50
-47
-46
-50
-47
-51
-41
-58
-51
-41
-58
-51
-41
-58
-56
-39
-45
-56
-39
-45

3,7
-48
-47
-49
-54
-46
-45
-54
-46
-45
-54
-46
-45
-54
-46
-45
-54
-46
-45
-54
-46
-45
-54
-46
-45
-45
-40
-41
-45
-40
-41

3,8
-55
-45
-51
-55
-45
-51
-55
-45
-51
-47
-42
-54
-47
-42
-54
-47
-42
-54
-47
-42
-54
-51
-41
-47
-51
-41
-47
-51
-41
-47

3,9
-50
-40
-43
-50
-40
-43
-50
-40
-43
-50
-40
-43
-49
-43
-52
-49
-43
-52
-49
-43
-52
-49
-43
-52
-45
-39
-47
-45
-39
-47

3,10
x


3,11
-47
-53
-52
-47
-53
-52
-44
-47
-46
-44
-47
-46
-44
-47
-46
-44
-47
-46
-47
-59
-54
-47
-59
-54
-47
-59
-54
-43
-43
-51

3,12
-46
-55
-55
-46
-55
-55
-46
-55
-55
-46
-55
-55
-46
-59
-55
-46
-59
-55
-46
-59
-55
-47
-55
-57
-47
-55
-57
-47
-55
-57

3,13
-47
-49
-52
-47
-49
-52
-53
-48
-53
-53
-48
-53
-53
-48
-53
-53
-48
-53
-41
-47
-52
-41
-47
-52
-41
-47
-52
-44
-47
-60

3,14
-40
-48
-46
-48
-50
-56
-48
-50
-56
-48
-50
-56
-48
-50
-56
-43
-49
-46
-43
-49
-46
-43
-49
-46
-43
-49
-46
-43
-49
-46

3,15
-48
-49
-64
-48
-49
-64
-51
-56
-60
-51
-56
-60
-51
-56
-60
-51
-56
-60
-50
-57
-49
-50
-57
-49
-50
-57
-49
-50
-57
-49

3,16
-47
-44
-67
-42
-58
-47
-42
-58
-47
-42
-58
-47
-43
-49
-45
-43
-49
-45
-43
-49
-45
-43
-49
-45
-54
-50
-53
-54
-50
-53

3,17

4,1
-47
-43
-30
-47
-43
-30
-59
-41
-34
-59
-41
-34
-59
-41
-34
-49
-41
-36
-49
-41
-36
-49
-41
-36
-49
-41
-36
-62
-41
-34


4,2
-55
-47
-31
-55
-47
-31
-53
-41
-29
-53
-41
-29
-53
-41
-29
-54
-51
-96
-54
-51
-96
-54
-51
-96
-54
-51
-96
-50
-43
-21

4,3
-54
-42
-38
-50
-45
-31
-50
-45
-31
-50
-45
-31
-53
-48
-32
-53
-48
-32
-53
-48
-32
-53
-48
-32
-51
-43
-30
-51
-43
-30

4,4
-49
-41
-40
-49
-41
-40
-49
-41
-40
-48
-40
-45
-55
-41
-41
-55
-41
-41
-46
-36
-42
-46
-36
-42
-46
-36
-42
-46
-36
-42

4,5
-51
-41
-46
-51
-41
-46
-51
-44
-51
-51
-44
-51
-51
-44
-51
-51
-44
-51
-45
-40
-48
-45
-40
-48
-45
-40
-48
-53
-42
-47

4,6
-56
-38
-52
-54
-46
-42
-54
-46
-42
-54
-46
-42
-54
-46
-42
-47
-47
-64
-47
-47
-64
-47
-47
-64
-47
-47
-64
-48
-37
-49

4,7
-44
-46
-55
-44
-46
-55
-43
-35
-46
-43
-35
-46
-43
-35
-46
-43
-35
-46
-50
-44
-45
-50
-44
-45
-50
-44
-45
-50
-44
-45

4,8
-48
-46
-56
-48
-46
-56
-48
-39
-48
-48
-39
-48
-48
-39
-48
-48
-39
-48
-39
-36
-45
-39
-36
-45
-39
-36
-45
-39
-36
-45

4,9
-46
-45
-48
-43
-41
-48
-43
-41
-48
-43
-41
-48
-43
-41
-48
-40
-45
-48
-40
-45
-48
-40
-45
-48
-40
-45
-48
-39
-42
-97

4,10
-43
-42
-48
-40
-46
-46
-40
-46
-46
-40
-46
-46
-40
-46
-46
-44
-52
-53
-44
-52
-53
-44
-52
-53
-44
-52
-53
-44
-52
-53

4,11
-37
-47
-44
-37
-47
-44
-37
-47
-44
-38
-57
-62
-40
-41
-54
-40
-41
-54
-40
-41
-54
-47
-44
-55
-47
-44
-55
-47
-44
-55

4,12
-40
-47
-55
-40
-47
-55
-40
-47
-55
-56
-52
-54
-56
-52
-54
-56
-52
-54
-42
-47
-45
-42
-47
-45
-42
-47
-45
-42
-47
-45

4,13
-46
-46
-57
-46
-46
-57
-46
-46
-57
-46
-46
-57
-46
-46
-57
-46
-46
-57
-40
-50
-53
-40
-50
-53
-40
-50
-53
-39
-51
-47

4,14
-42
-59
-55
-42
-59
-55
-42
-59
-55
-43
-48
-48
-43
-48
-48
-43
-48
-48
-43
-48
-48
-47
-47
-49
-47
-47
-49
-47
-47
-49

4,15
-38
-53
-47
-40
-53
-49
-40
-53
-49
-40
-53
-49
-38
-54
-61
-38
-54
-61
-38
-54
-61
-38
-54
-61
-38
-54
-61
-38
-54
-61

4,16
-47
-55
-49
-47
-55
-49
-41
-58
-62
-41
-58
-62
-41
-58
-62
-41
-58
-62
-48
-55
-57
-48
-55
-57
-48
-55
-57
-41
-59
-59

4,17
-44
-47
-55
-44
-47
-55
-44
-47
-55
-44
-47
-55
-45
-48
-52
-45
-48
-52
-43
-49
-51
-43
-49
-51
-43
-49
-51
-39
-51
-50

5,1
-54
-49
-37
-54
-49
-37
-54
-49
-37
-54
Sta52rt_UP_2018 -49
-37
-54
-49
-37
-54
-49
-37
-49
-37
-33
-49
-37
-33
-49
-37
-33
-53
-49
-37

5,2
-49
-37
-26
-49
-37
-26
-49
-37
-26
-49
-37
-26
-55
-44
-25
-55
-44
-25
-55
-44
-25
-49
-38
-24
-49
-38
-24
-49
-38
-24

5,3
-49
-48
-38
-49
-48
-38
-49
-48
-38
-50
-41
-34
-50
-41
-34
-50
-41
-34
-50
-40
-37
-50
-40
-37
-50
-40
-37
-50
-40
-37

5,4
-54
-37
-44
-54
-37
-44
-48
-41
-44
-48
-41
-44
-48
-41
-44
-48
-41
-44
-61
-39
-38
-61
-39
-38
-61
-39
-38
-61
-39
-38

5,5
-53
-46
-38
-53
-46
-38
-53
-46
-38
-53
-46
-38
-49
-38
-44
-49
-38
-44
-49
-38
-44
-49
-38
-44
-49
-38
-44
-49
-38
-44

5,6
-52
-34
-41
-52
-34
-41
-52
-34
-41
-61
-39
-36
-61
-39
-36
-61
-39
-36
-61
-39
-36
-43
-32
-39
-43
-32
-39
-55
-42
-36

5,7
-46
-39
-40
-48
-42
-45
-48
-42
-45
-48
-42
-45
-47
-38
-38
-47
-38
-38
-47
-38
-38
-47
-38
-38
-47
-38
-38
-47
-38
-38

5,8
-44
-44
-47
-44
-44
-47
-44
-44
-47
-44
-44
-47
-44
-44
-47
-53
-48
-47
-53
-48
-47
-53
-48
-47
-53
-48
-47
-43
-38
-48

5,9
-42
-46
-40
-42
-46
-40
-42
-46
-40
-50
-48
-37
-50
-48
-37
-50
-48
-37
-50
-48
-37
-45
-41
-40
-45
-41
-40
-45
-41
-40

5,10
-34
-53
-40
-34
-53
-40
-41
-49
-42
-41
-49
-42
-41
-49
-42
-36
-41
-38
-36
-41
-38
-36
-41
-38
-41
-50
-44
-41
-50
-44

5,11
-44
-44
-48
-44
-44
-48
-45
-46
-55
-45
-46
-55
-45
-46
-55
-41
-56
-55
-41
-56
-55
-41
-56
-55
-41
-56
-55
-43
-50
-45

5,12
-40
-53
-47
-44
-45
-50
-44
-45
-50
-44
-45
-50
-36
-48
-46
-36
-48
-46
-36
-48
-46
-36
-48
-46
-46
-43
-46
-46
-43
-46

5,13

-37
-51
-48
-37
-51
-48
-37
-51
-48
-37
-51
-48
-37
-51
-48
-37
-51
-48
-42
-47
-48
-42
-47
-48
-42
-47
-48
-38
-45
-48

5,14
-42
-45
-45
-42
-45
-45
-42
-47
-52
-42
-47
-52
-42
-47
-52
-42
-47
-52
-39
-49
-48
-39
-49
-48
-39
-49
-48
-39
-49
-48

5,15
-44
-54
-59
-44
-54
-59
-44
-54
-59
-44
-54
-59
-47
-50
-48
-47
-50
-48
-47
-50
-48
-47
-50
-48
-47
-50
-54
-47
-50
-54

5,16

-53
-52
-57
-42
-44
-62
-42
-44
-62
-42
-44
-62
-40
-54
-59
-40
-54
-59
-40
-54
-59
-40
-54
-59
-40
-54
-59
-40
-54
-59

5,17
-42
-46
-50
-42
-46
-50
-42
-46
-50
-42
-46
-50
-44
-63
-57
-44
-63
-57
-44
-63
-57
-45
-51
-47
-45
-51
-47
-45
-51
-47

6,1
x

6,2
-45
-35
-44
-45
-35
-44
-51
-40
-46
-51
-40
-46
-51
-40
-46
-51
-40
-46
-51
-40
-46
-51
-40
-46
-51
-40
-46
-50
-36
-40

6,3
-48
-39
-39
-52
-41
-44
-52
-41
-44
-52
-41
-44
-52
-41
-44
-50
-41
-45
-50
-41
-45
-50
-41
-45
-52
-42
-47
-52
-42
-47

6,4
-45
-38
-47
-45
-38
-47
-45
-38
-47
-42
-47
-38
-42
-47
-38
-42
-47
-38
-42
-47
-38
-42
-47
-38
-42
-47
-38
-98
-38
-39

6,5
-44
-36
-40
-42
-37
-40
-42
-37
-40
-42
-37
-40
-47
-39
-42
-47
-39
-42
-47
-39
-42
-43
-43
-39
-43
-43
-39
-43
-43
-39

6,6
-46
-41
-42
-46
-41
-42
-46
-41
-42
-47
-36
-45
-47
-36
-45
-47
-36
-45
-47
-36
-45
-46
-36
-45
-46
-36
-45
-46
-36
-45

6,7

-40
-65
-43
-40
-65
-43
-40
-65
-43
-48
-49
-52
-48
-49
-52
-48
-49
-52
-41
-42
-42
-41
-42
-42
-41
-42
-42
-41
-42
-42

6,8
-40
-43
-47
-40
-43
-47
-42
-45
-44
-42
-45
-44
-42
-45
-44
-42
-45
-44
-42
-45
-44
-42
-45
-44
-41
-42
-41
-41
-42
-41

6,9
-49
-47
-39
-38
-38
-47
-38
-38
-47
-38
-38
-47
-48
-47
-51
-48
-47
-51
-48
-47
-51
-48
-47
-51
-42
-36
-39
-42
-36
-39

6,10
-32
-38
-47
-32
-38
-47
-36
-44
-45
-36
-44
-45
-36
-44
-45
-40
-43
-36
-40
-43
-36
-40
-43
-36
-40
-43
-36
-40
-43
-36

6,11
-29
-42
-45
-29
-42
-45
-40
-46
-47
-40
-46
-47
-40
-46
-47
-30
-37
-46
-30
-37
-46
-30
-37
-46
-30
-37
-46
-30
-37
-46

6,12
-34
-47
-48
-38
-45
-46
-38
-45
-46
-28
-39
-41
-38
-53
-45
-38
-53
-45
-38
-53
-45
-38
-53
-45
-28
-49
-38
-28
-49
-38

6,13
-39
-47
-43
-39
-47
-43
-35
-51
-43
-35
-51
-43
-35
-51
-43
-36
-55
-46
-36
-55
-46
-36
-55
-46
-40
-44
-50
-40
-44
-50

6,14
-41
-47
-93
-41
-47
-93
-35
-48
-46
-35
-48
-46
-35
-48
-46
-33
-43
-47
-33
-43
-47
-33
-43
-47
-33
-43
-47
-33
-49
-47

6,15
-42
-42
-48
-42
-42
-48
-40
-43
-48
-40
-43
-48
-40
-43
-48
-40
-43
-48
-40
-43
-48
-40
-43
-48
-38
-49
-46
-38
-49
-46

6.16
-51
-71
-43
-51
-71
-43
-51
-71
-43
-51
-71
-43
-44
-51
-61
-44
-51
-61
-44
-51
-61
-41
-47
-57
-41
-47
-57
-41
-47
-57

6,17
-40
-49
-52
-40
-49
-52
-40
-49
-52
-63
-66
-53
-63
-66
-53
-63
-66
-53
-49
-50
-49
-49
-50
-49
-49
-50
-49
-49
-50
-49

7,1

7,2
-45
-41
-39
-45
-41
-39
-45
-41
-39
-48
-37
-34
-48
-37
-34
-48
-37
-34
-48
-37
-34
-48
-37
-34
-48
-37
-34
-48
-39
-40

7,3
-54
-39
-55
-54
-39
-55
-54
-39
-42
-54
-39
-42
-54
-39
-42
-54
-39
-42
-54
-39
-42
-54
-39
-42
-52
-45
-47
-52
-45
-47

7,4
-48
-40
-39
-48
-40
-39
-45
-34
-39
-45
-34
-39
-45
-34
-39
-45
-34
-39
-47
-44
-40
-47
-44
-40
-47
-44
-40
-47
-44
-40

7,5
-43
-37
-38
-43
-37
-38
-43
-37
-38
-41
-34
-61
-41
-34
-61
-41
-34
-61
-50
-39
-38
-50
-39
-38
-50
-39
-38
-50
-39
-38

7,6
-46
-43
-41
-46
-43
-41
-45
-63
-41
-45
-63
-41
-45
-63
-41
-45
-63
-41
-45
-63
-41
-45
-63
-41
-44
-42
-38
-44
-42
-38

7,7
-40
-37
-41
-40
-37
-41
-40
-37
-41
-40
-37
-41
-42
-38
-52
-42
-38
-52
-42
-38
-52
-39
-38
-41
-41
-38
-46
-41
-38
-46

7,8
-38
-38
-56
-37
-33
-52
-37
-33
-52
-37
-33
-52
-40
-38
-44
-40
-38
-44
-40
-38
-44
-42
-92
-53
-42
-92
-53
-42
-92
-53

7,9
-41
-39
-45
-41
-39
-45
-43
-39
-39
-43
-39
-39
-43
-39
-39
-43
-41
-42
-43
-41
-42
-43
-41
-42
-43
-41
-42
-52
-42
-42

7,10
-37
-40
-40
-38
-51
-56
-38
-51
-56
-38
-51
-56
-38
-51
-56
-38
-51
-56
-38
-51
-56
-38
-41
-56
-38
-41
-56
-45
-42
-51

7,11
-43
-44
-41
-47
-45
-51
-47
-45
-51
-47
-45
-51
-37
-46
-45
-37
-46
-45
-37
-46
-45
-51
-44
-46
-51
-44
-46
-51
-44
-46

7,12
-41
-51
-45
-41
-51
-45
-38
-47
-52
-38
-47
-52
-38
-47
-52
-41
-46
-47
-41
-46
-47
-41
-46
-47
-41
-46
-47
-38
-58
-49

7,13
-39
-47
-56
-39
-47
-56
-39
-57
-54
-39
-57
-54
-39
-57
-54
-36
-48
-53
-36
-48
-53
-36
-48
-53
-36
-48
-53
-39
-43
-51

7,14
-39
-46
-50
-37
-40
-49
-37
-40
-49
-37
-40
-49
-37
-40
-49
-38
-43
-46
-38
-43
-46
-38
-43
-46
-38
-40
-45
-38
-40
-45

7,15
-31
-43
-56
-31
-43
-56
-31
-43
-56
-31
-43
-56
-31
-43
-56
-30
-47
-47
-30
-47
-47
-30
-47
-47
-30
-47
-47
-37
-46
-53

7,16
-33
-47
-48
-33
-47
-48
-33
-47
-48
-33
-47
-48
-33
-47
-48
-33
-47
-48
-35
-49
-43
-38
-45
-46
-38
-45
-46
-38
-45
-46

7,17
-41
-42
-46
-40
-45
-45
-40
-45
-45
-40
-45
-45
-40
-45
-45
-37
-43
-42
-37
-43
-42
-37
-43
-42
-38
-46
-47
-38
-46
-47

8,1

8,2
-45
-41
-40
-45
-41
-40
-46
-37
-46
-46
-37
-46
-46
-37
-46
-55
-38
-41
-55
-38
-41
-55
-38
-41
-55
-38
-41
-47
-42
-41

8,3
-55
-34
-34
-48
-39
-46
-48
-39
-46
-39
-34
-39
-39
-34
-39
-39
-34
-39
-39
-34
-39
-48
-46
-38
-48
-46
-38
-48
-46
-38

8,4
-43
-40
-42
-43
-40
-42
-46
-43
-39
-46
-43
-39
-46
-43
-39
-47
-37
-41
-47
-37
-41
-47
-37
-41
-47
-37
-41
-50
-36
-43

8,5
-46
-33
-41
-43
-42
-37
-43
-42
-37
-43
-42
-37
-43
-42
-37
-43
-42
-37
-43
-42
-37
-46
-36
-40
-43
-43
-40
-43
-43
-40

8,6
-50
-37
-33
-44
-31
-42
-44
-31
-42
-44
-31
-42
-48
-39
-41
-48
-39
-41
-48
-39
-41
-48
-39
-41
-43
-36
-40
-43
-36
-40

8,7
-50
-51
-41
-50
-51
-41
-39
-34
-40
-39
-34
-40
-39
-34
-40
-47
-44
-43
-42
-43
-35
-42
-43
-35
-42
-43
-35
-48
-42
-44

8,8
-44
-97
-41
-44
-97
-41
-44
-97
-41
-41
-41
-41
-41
-41
-41
-41
-41
-41
-41
-41
-41
-43
-37
-43
-43
-37
-43
-43
-37
-43

8,9
-43
-43
-43
-43
-43
-43
-43
-43
-43
-43
-43
-43
-41
-44
-47
-41
-44
-47
-41
-44
-47
-39
-43
-38
-39
-43
-38
-39
-43
-38

8,10
-43
-43
-45
-43
-43
-45
-42
-51
-41
-42
-51
-41
-42
-51
-41
-42
-51
-41
-37
-39
-45
-37
-39
-45
-37
-39
-45
-36
-48
-41

8,11
-34
-46
-44
-34
-46
-44
-40
-46
-52
-40
-46
-52
-40
-46
-52
-34
-41
-44
-34
-41
-44
-34
-41
-44
-34
-41
-44
-42
-42
-51

8,12
-39
-46
-42
-33
-46
-56
-33
-46
-56
-33
-46
-56
-33
-46
-56
-40
-44
-47
-40
-44
-47
-40
-44
-47
-38
-46
-45
-38
-46
-45

8,13
-32
-41
-50
-32
-41
-50
-40
-51
-44
-40
-51
-44
-40
-51
-44
-32
-46
-54
-32
-46
-54
-32
-46
-54
-32
-46
-54
-32
-46
-54

8,14
-40
-50
-54
-40
-50
-54
-36
-46
-40
-36
-46
-40
-36
-46
-40
-36
-46
-40
-36
-46
-40
-36
-46
-40
-44
-47
-50
-44
-47
-50

8,15
-30
-47
-42
-35
-51
-52
-35
-51
-52
-35
-51
-52
-34
-42
-39
-34
-42
-39
-34
-42
-39
-34
-42
-39
-34
-42
-39
-34
-42
-39

8,16
-35
-47
-50
-35
-47
-50
-35
-47
-50
-35
-47
-50
-38
-43
-41
-38
-43
-41
-38
-43
-41
-39
-53
-52
-39
-53
-52
-39
-53
-52

8,17
-40
-45
-48
-44
-51
-54
-44
-51
-54
-39
-45
-47
-39
-45
-47
-39
-45
-47
-43
-48
-47
-43
-48
-47
-43
-48
-47
-39
-45
-42

9,1
-58
-46
-44
-58
-46
-44
-58
-46
-44
-58
-46
-44
-47
-41
-44
-47
-41
-44
-47
-41
-44
-57
-46
-48
-57
-46
-48
-57
-46
-48

9,2
-47
-38
-42
-49
-46
-40
-49
-46
-40
-49
-46
-40
-49
-46
-40
-54
-39
-44
-54
-39
-44
-54
-39
-44
-45
-35
-38
-45
-35
-38

9,3
-53
-41
-43
-53
-41
-43
-53
-41
-43
-46
-35
-38
-46
-35
-38
-46
-35
-38
-46
-35
-38
-52
-44
-39
-52
-44
-39
-52
-44
-39

9,4
-41
-42
-39
-41
-42
-39
-41
-42
-39
-54
-40
-46
-54
-40
-46
-54
-40
-46
-56
-39
-38
-56
-39
-38
-56
-39
-38
-56
-39
-38

9,5
-45
-38
-40
-43
-45
-38
-43
-45
-38
-43
-45
-38
-43
-45
-38
-43
-39
-42
-43
-39
-42
-43
-39
-42
-54
-42
-36
-54
-42
-36

9,6
-41
-32
-33
-43
-40
-42
-43
-40
-42
-43
-40
-42
-42
-37
-37
-42
-37
-37
-42
-37
-37
-43
-40
-40
-43
-37
-37
-43
-37
-37

9,7
-39
-33
-37
-39
-33
-37
-39
-33
-37
-47
-39
-35
-47
-39
-35
-47
-39
-35
-40
-37
-35
-40
-37
-35
-40
-37
-35
-40
-37
-35

9,8
-43
-44
-40
-43
-44
-40
-43
-44
-40
-43
-44
-40
-50
-36
-43
-50
-36
-43
-50
-36
-43
-35
-37
-40
-35
-37
-40
-35
-37
-40

9,9
-44
-45
-46
-44
-45
-46
-44
-45
-46
-45
-37
-41
-45
-37
-41
-45
-37
-41
-45
-37
-41
-38
-40
-40
-38
-40
-40
-38
-40
-40

9,10
-36
-40
-83
-55
-52
-44
-55
-52
-44
-55
-52
-44
-37
-56
-42
-37
-56
-42
-37
-56
-42
-37
-56
-42
-36
-54
-42
-36
-54
-42

9,11
-37
-46
-43
-37
-46
-43
-37
-51
-40
-37
-51
-40
-37
-51
-40
-37
-39
-42
-37
-39
-42
-37
-39
-42
-37
-52
-43
-37
-52
-43

9,12
-43
-46
-48
-43
-46
-48
-43
-46
-48
-38
-44
-89
-38
-44
-89
-38
-44
-89
-43
-54
-52
-43
-54
-52
-43
-54
-52
-38
-42
-40

9,13
-38
-42
-37
-38
-42
-37
-38
-42
-37
-40
-53
-50
-40
-53
-50
-40
-53
-50
-31
-40
-43
-31
-40
-43
-31
-40
-43
-31
-40
-43

9,14
-35
-53
-49
-36
-46
-44
-36
-46
-44
-36
-46
-44
-36
-46
-44
-36
-46
-44
-36
-46
-44
-34
-49
-49
-34
-49
-49
-34
-49
-49

9,15
-39
-49
-45
-39
-49
-45
-39
-49
-45
-39
-49
-45
-37
-49
-45
-37
-49
-45
-37
-49
-45
-39
-52
-51
-39
-52
-51
-39
-52
-51

9,16
-34
-42
-46
-34
-42
-46
-34
-42
-46
-34
-42
-46
-34
-42
-46
-43
-43
-60
-43
-43
-60
-43
-43
-60
-43
-43
-60
-39
-49
-51

9,17
-46
-60
-54
-46
-60
-54
-46
-60
-54
-37
-54
-59
-37
-54
-59
-37
-54
-59
-37
-54
-59
-41
-50
-47
-41
-50
-47
-41
-50
-47

10,1
-60
-43
-48
-60
-43
-48
-52
-39
-42
-52
-39
-42
-52
-39
-42
-50
-38
-54
-50
-38
-54
-50
-38
-54
-50
-38
-54
-50
-34
-41

10,2
-45
-39
-47
-44
-33
-42
-44
-33
-42
-44
-33
-42
-53
-43
-56
-53
-43
-56
-53
-43
-56
-53
-43
-56
-53
-43
-56
-53
-43
-56

10,3
-56
-45
-40
-56
-45
-40
-56
-45
-40
-49
-40
-37
-49
-40
-37
-49
-40
-37
-49
-40
-37
-49
-40
-37
-49
-40
-37
-49
-41
-45

10,4
-46
-40
-50
-46
-40
-50
-49
-40
-38
-49
-40
-38
-49
-40
-38
-49
-40
-38
-49
-40
-38
-49
-40
-38
-49
-43
-52
-49
-43
-52

10,5
-51
-36
-32
-51
-36
-32
-51
-36
-32
-43
-45
-41
-43
-45
-41
-43
-45
-41
-43
-45
-41
-48
-37
-35
-48
-37
-35
-48
-37
-35

10,6
-46
-65
-49
-46
-65
-49
-46
-65
-49
-46
-65
-49
-46
-65
-49
-46
-65
-49
-42
-39
-38
-42
-39
-38
-42
-39
-38
-42
-39
-38

10,7
-38
-35
-40
-38
-35
-40
-38
-35
-40
-38
-35
-40
-40
-38
-41
-40
-38
-41
-40
-38
-41
-42
-34
-40
-42
-34
-40
-42
-34
-40

10,8
-43
-40
-43
-43
-40
-43
-43
-40
-43
-39
-54
-46
-35
-41
-42
-35
-41
-42
-35
-41
-42
-35
-41
-42
-35
-41
-42
-35
-41
-42

10,9
-35
-41
-46
-35
-41
-46
-35
-41
-46
-37
-57
-49
-37
-57
-49
-37
-57
-49
-37
-57
-49
-38
-37
-50
-38
-37
-50
-38
-37
-50

10,10
-36
-43
-41
-36
-43
-41
-29
-51
-48
-29
-51
-48
-29
-51
-48
-29
-51
-48
-29
-51
-48
-29
-51
-48
-29
-51
-48
-45
-47
-49

10,11
-39
-47
-50
-39
-47
-50
-34
-47
-51
-34
-47
-51
-34
-47
-51
-34
-47
-51
-38
-44
-47
-38
-44
-47
-38
-44
-47
-34
-42
-48

10,12
-30
-42
-47
-39
-51
-49
-39
-51
-49
-39
-51
-49
-32
-45
-45
-32
-45
-45
-32
-45
-45
-32
-45
-45
-32
-45
-45
-32
-45
-45

10,13
-40
-52
-48
-40
-52
-48
-33
-44
-46
-33
-44
-46
-33
-44
-46
-36
-43
-48
-36
-43
-48
-36
-43
-48
-36
-43
-48
-33
-44
-50

10,14
-45
-47
-47
-45
-47
-47
-45
-47
-47
-36
-50
-51
-36
-50
-51
-33
-49
-54
-33
-49
-54
-38
-46
-60
-38
-46
-60
-38
-46
-60

10,15
-36
-41
-43
-36
-41
-43
-36
-41
-43
-36
-41
-43
-41
-49
-49
-41
-49
-49
-41
-49
-49
-41
-49
-49
-41
-49
-49
-40
-46
-55

10,16
-37
-46
-59
-37
-46
-59
-46
-56
-49
-46
-56
-49
-37
-42
-55
-37
-42
-55
-37
-42
-55
-47
-54
-49
-47
-54
-49
-47
-54
-49

10,17
-41
-51
-53
-41
-51
-53
-41
-51
-53
-41
-51
-53
-41
-51
-53
-46
-47
-57
-46
-47
-57
-46
-47
-57
-42
-49
-57
-42
-49
-57

11,1
-48
-44
-47
-48
-44
-47
-48
-44
-47
-48
-44
-47
-46
-45
-44
-46
-45
-44
-46
-45
-44
-46
-45
-44
-50
-41
-40
-50
-41
-40

11,2
-46
-40
-39
-46
-40
-39
-46
-40
-39
-56
-49
-48
-56
-49
-48
-56
-49
-48
-56
-49
-48
-40
-41
-44
-40
-41
-44
-40
-41
-44

11,3
-49
-44
-38
-49
-44
-38
-49
-44
-38
-49
-39
-40
-49
-39
-40
-49
-39
-40
-49
-39
-40
-49
-42
-38
-49
-42
-38
-49
-42
-38

11,4
-51
-40
-38
-51
-40
-38
-45
-48
-41
-45
-48
-41
-45
-48
-41
-42
-37
-43
-42
-37
-43
-42
-37
-43
-42
-37
-43
-45
-43
-40

11,5
-41
-43
-45
-41
-43
-45
-48
-41
-42
-48
-41
-42
-48
-41
-42
-41
-42
-31
-41
-42
-31
-41
-42
-31
-41
-42
-31
-41
-42
-31

11,6
-48
-39
-41
-48
-39
-41
-38
-48
-41
-38
-48
-41
-38
-48
-41
-38
-48
-41
-38
-48
-41
-38
-48
-41
-46
-37
-39
-46
-37
-39

11,7
-37
-37
-40
-37
-37
-40
-39
-40
-41
-39
-40
-41
-39
-40
-41
-36
-44
-38
-36
-44
-38
-36
-44
-38
-41
-41
-38
-41
-41
-38

11,8
-38
-39
-42
-38
-39
-42
-42
-40
-48
-42
-40
-48
-42
-40
-48
-42
-40
-48
-35
-40
-44
-35
-40
-44
-35
-40
-44
-41
-39
-47

11,9
-37
-48
-35
-37
-48
-35
-37
-48
-35
-44
-48
-35
-44
-48
-35
-44
-48
-35
-44
-48
-35
-42
-36
-43
-42
-36
-43
-42
-36
-43

11,10
-36
-44
-46
-39
-49
-47
-39
-49
-47
-39
-49
-47
-47
-38
-48
-47
-38
-48
-47
-38
-48
-47
-38
-48
-47
-38
-48
-47
-38
-48

11,11
-41
-44
-48
-41
-42
-48
-41
-42
-48
-41
-42
-48
-41
-42
-48
-46
-38
-49
-46
-38
-49
-46
-38
-49
-40
-43
-45
-40
-43
-45

11,12
-38
-44
-47
-38
-44
-47
-38
-44
-47
-49
-47
-47
-49
-47
-47
-49
-47
-47
-49
-47
-47
-49
-47
-47
-40
-42
-46
-40
-42
-46

11,13
-41
-46
-52
-41
-45
-47
-41
-45
-47
-41
-45
-47
-41
-45
-47
-38
-40
-53
-38
-40
-53
-38
-40
-53
-42
-41
-43
-42
-41
-43

11,14
-48
-42
-47
-39
-44
-46
-39
-44
-46
-39
-44
-46
-39
-44
-46
-39
-44
-46
-51
-49
-56
-51
-49
-56
-51
-49
-56
-51
-49
-56

11,15
-39
-43
-46
-39
-43
-46
-45
-46
-53
-45
-46
-53
-45
-46
-53
-40
-37
-47
-40
-37
-47
-40
-37
-47
-40
-37
-47
-40
-37
-47

11,16
-44
-50
-54
-44
-50
-54
-38
-54
-53
-38
-54
-53
-38
-54
-53
-38
-54
-53
-39
-53
-48
-39
-53
-48
-39
-53
-48
-39
-53
-48

11,17
-41
-48
-67
-41
-48
-67
-45
-45
-52
-45
-45
-52
-45
-45
-52
-45
-45
-52
-43
-48
-60
-43
-48
-60
-43
-48
-60
-43
-41
-51

12,1

12,2
-47
-41
-41
-47
-41
-41
-47
-41
-41
-52
-47
-44
-52
-47
-44
-52
-47
-44
-52
-47
-44
-49
-41
-42
-49
-41
-42
-49
-41
-42

12,3
-53
-48
-34
-53
-48
-34
-53
-48
-34
-97
-45
-39
-97
-45
-39
-97
-45
-39
-52
-47
-38
-52
-47
-38
-52
-47
-38
-52
-47
-38

12,4
-48
-41
-40
-48
-41
-40
-48
-41
-40
-48
-41
-40
-39
-45
-37
-39
-45
-37
-39
-45
-37
-46
-46
-33
-46
-46
-33
-46
-46
-33

12,5
-42
-41
-37
-42
-41
-37
-42
-41
-37
-45
-47
-44
-45
-47
-44
-45
-47
-44
-48
-41
-43
-48
-41
-43
-48
-41
-43
-48
-49
-40

12,6
-52
-42
-40
-52
-42
-40
-52
-42
-40
-52
-42
-40
-51
-42
-33
-51
-42
-33
-51
-42
-33
-51
-42
-33
-51
-42
-33
-51
-42
-33

12,7
-45
-44
-39
-45
-44
-39
-45
-44
-39
-45
-44
-39
-49
-46
-34
-49
-46
-34
-49
-46
-34
-49
-45
-42
-49
-45
-42
-49
-45
-42

12,8
-48
-47
-39
-48
-47
-39
-46
-42
-41
-46
-42
-41
-46
-42
-41
-46
-42
-38
-46
-42
-38
-46
-42
-38
-44
-44
-37
-44
-44
-37

12,9
-39
-42
-55
-39
-42
-55
-39
-42
-55
-39
-42
-55
-39
-42
-55
-42
-45
-41
-42
-45
-41
-42
-45
-41
-39
-49
-38
-39
-49
-38

12,10
-48
-48
-44
-43
-49
-55
-43
-49
-55
-43
-49
-55
-43
-49
-55
-50
-56
-43
-50
-56
-43
-50
-56
-43
-48
-49
-45
-48
-49
-45

12,11

12,12
-39
-41
-54
-39
-41
-54
-44
-51
-53
-44
-51
-53
-44
-51
-53
-38
-42
-50
-38
-42
-50
-38
-42
-50
-38
-42
-50
-38
-42
-50

12,13
-44
-47
-52
-44
-47
-52
-44
-47
-52
-43
-48
-48
-43
-48
-48
-43
-48
-48
-43
-48
-48
-43
-48
-48
-41
-46
-53
-41
-46
-53

12,14
-44
-47
-52
-44
-47
-52
-44
-47
-52
-43
-48
-48
-43
-48
-48
-43
-48
-48
-43
-48
-48
-43
-48
-48
-41
-46
-53
-41
-46
-53

12,15

-40
-47
-46
-40
-47
-46
-40
-47
-46
-41
-48
-54
-41
-48
-54
-41
-48
-54
-41
-48
-54
-42
-40
-48
-42
-40
-48
-42
-40
-48

12,16
-41
-42
-50
-41
-42
-50
-41
-42
-50
-41
-42
-50
-41
-42
-50
-41
-42
-50
-44
-48
-56
-44
-48
-56
-44
-48
-56
-43
-45
-61

12,17

13,1

13,2
-56
-40
-38
-56
-40
-38
-56
-40
-38
-56
-40
-38
-53
-49
-42
-53
-49
-42
-53
-49
-42
-46
-35
-48
-46
-35
-48
-46
-35
-48

13,3
-49
-41
-38
-49
-41
-38
-55
-42
-40
-55
-42
-40
-55
-42
-40
-61
-36
-42
-61
-36
-42
-61
-36
-42
-53
-45
-40
-53
-45
-40

13,4
-49
-45
-38
-49
-45
-38
-49
-45
-38
-52
-46
-32
-52
-46
-32
-52
-46
-32
-55
-41
-41
-55
-41
-41
-55
-41
-41
-55
-41
-41

13,5
-40
-41
-43
-40
-41
-43
-40
-41
-43
-40
-41
-43
-40
-41
-43
-40
-41
-43
-46
-40
-37
-46
-40
-37
-46
-40
-37
-46
-40
-37

13,6
-43
-41
-30
-43
-41
-30
-43
-41
-30
-43
-50
-36
-43
-50
-36
-43
-50
-36
-47
-46
-37
-47
-46
-37
-47
-46
-37
-47
-46
-37

13,7
-46
-50
-36
-46
-50
-36
-46
-50
-36
-46
-50
-36
-50
-51
-41
-50
-51
-41
-50
-51
-41
-50
-51
-41
-50
-51
-41
-39
-39
-31

13,8
-51
-42
-36
-51
-42
-36
-51
-42
-36
-51
-42
-36
-45
-46
-43
-45
-46
-43
-45
-46
-43
-45
-46
-43
-46
-47
-36
-46
-47
-36

13,9
-45
-43
-36
-45
-43
-36
-45
-43
-36
-45
-43
-36
-45
-40
-44
-45
-40
-44
-45
-40
-44
-45
-40
-44
-45
-40
-44
-47
-52
-41

13,10

13,11
-39
-46
-49
-49
-53
-54
-49
-53
-54
-49
-53
-54
-42
-48
-47
-42
-48
-47
-42
-48
-47
-42
-48
-47
-42
-48
-47
-52
-48
-58

13,12
-44
-42
-52
-44
-42
-52
-45
-46
-52
-45
-46
-52
-45
-46
-52
-37
-43
-52
-37
-43
-52
-37
-43
-52
-37
-43
-52
-42
-48
-48

13,13
-37
-47
-52
-39
-52
-53
-39
-52
-53
-39
-52
-53
-38
-90
-56
-38
-90
-56
-38
-90
-56
-45
-54
-52
-45
-54
-52
-45
-54
-52

13,14
-47
-46
-55
-47
-46
-55
-47
-46
-55
-38
-54
-48
-38
-54
-48
-38
-54
-48
-38
-54
-48
-38
-54
-48
-43
-51
-53
-43
-51
-53

13,15
-38
-41
-45
-44
-52
-52
-44
-52
-52
-44
-52
-52
-44
-52
-52
-42
-49
-95
-42
-49
-95
-42
-49
-95
-45
-45
-48
-45
-45
-48

13,16
-42
-44
-49
-45
-46
-64
-45
-46
-64
-45
-46
-64
-42
-40
-50
-42
-40
-50
-42
-40
-50
-42
-40
-50
-44
-50
-47
-44
-50
-47

14,1

14,2
-47
-47
-54
-47
-47
-54
-50
-53
-38
-50
-53
-38
-56
-50
-37
-52
-48
-38
-52
-48
-38
-52
-48
-38
-52
-48
-38
-52
-48
-38


14,3
-64
-41
-44
-64
-41
-44
-50
-52
-32
-50
-52
-32
-50
-52
-32
-50
-52
-32
-50
-52
-32
-50
-52
-32
-51
-46
-37
-51
-46
-37

14,4
-51
-50
-41
-51
-50
-41
-51
-50
-41
-45
-39
-37
-45
-39
-37
-45
-39
-37
-54
-41
-40
-54
-41
-40
-54
-41
-40
-54
-41
-40

14,5
-51
-39
-35
-51
-39
-35
-51
-39
-35
-47
-47
-39
-47
-47
-39
-47
-47
-39
-50
-48
-30
-50
-48
-30
-50
-48
-30
-50
-48
-30

14,6
-47
-38
-27
-56
-39
-45
-56
-39
-45
-56
-39
-45
-42
-38
-35
-42
-38
-35
-42
-38
-35
-48
-47
-41
-48
-47
-41
-48
-47
-41

14,7
-44
-46
-35
-53
-42
-43
-53
-42
-43
-53
-42
-43
-53
-42
-43
-44
-41
-33
-44
-41
-33
-44
-41
-33
-81
-42
-41
-81
-42
-41

14,8

14,9
-58
-49
-43
-48
-48
-43
-48
-48
-43
-48
-48
-43
-48
-48
-43
-48
-47
-46
-48
-47
-46
-48
-47
-46
-50
-46
-38
-50
-46
-38

19,10
-43
-41
-40
-43
-41
-40
-43
-41
-40
-51
-45
-42
-51
-45
-42
-51
-45
-42
-51
-45
-42
-45
-36
-39
-45
-36
-39
-45
-36
-39

19,11
-39
-51
-45
-39
-51
-45
-46
-50
-45
-46
-50
-45
-46
-50
-45
-46
-50
-45
-46
-50
-45
-41
-48
-44
-41
-48
-44

19,12
-38
-50
-44
-38
-50
-44
-38
-50
-44
-38
-50
-44
-45
-53
-41
-45
-53
-41
-45
-53
-41
-45
-53
-41
-41
-57
-53
-41
-57
-53

19,13
-41
-50
-62
-41
-50
-62
-46
-56
-54
-46
-56
-54
-46
-56
-54
-41
-42
-52
-41
-42
-52
-41
-42
-52
-41
-42
-52
-41
-42
-52

19,14
-49
-48
-57
-39
-52
-50
-39
-52
-50
-39
-52
-50
-39
-52
-50
-42
-48
-57
-42
-48
-57
-42
-48
-57
-41
-40
-48
-41
-40
-48

19,15
-46
-52
-51
-37
-47
-47
-37
-47
-47
-37
-47
-47
-37
-47
-47
-48
-45
-65
-48
-45
-65
-48
-45
-65
-39
-41
-52
-39
-41
-52

19,16
-54
-54
-50
-49
-57
-39
-49
-57
-39
-49
-57
-39
-49
-57
-39
-49
-57
-39
-52
-50
-53
-52
-50
-53
-52
-50
-53
-52
-50
-53

19,17
-47
-48
-51
-47
-48
-51
-45
-44
-46
-45
-44
-46
-45
-44
-46
-47
-52
-58
-47
-52
-58
-47
-52
-58
-47
-52
-58
-43
-47
-42
